100
100
100
100
101
101
101
101
101
101
102
102
102
102
103
103
103
103
103
103
103
104
104
104
105
105
105
106
106
106
106
107
107
107
107
107
108
108
108
109
109
109
109
109
110
110
111
112
112
112
112
113
113
113
113
113
113
114
114
114
114
114
115
115
116
117
117
117
117
118
118
118
118
119
119
119
119
119
120
120
120
121
121
121
121
121
122
122
122
123
123
123
123
124
124
124
124
124
125
125
125
126
126
126
126
127
127
128
128
128
129
129
130
130
130
131
131
132
132
132
133
133
133
133
133
133
134
134
134
134
134
134
134
134
135
135
135
135
135
136
136
136
136
136
136
137
137
137
137
138
138
138
140
140
141
141
141
141
142
142
142
143
143
143
143
143
143
144
144
145
145
145
145
145
145
146
146
147
147
147
147
147
147
147
148
148
148
148
148
149
149
150
150
151
151
151
151
152
152
152
153
153
153
153
155
155
155
156
156
156
156
156
157
157
157
158
158
158
158
158
159
159
160
160
161
163
163
163
165
165
165
165
166
166
166
166
166
167
168
168
168
168
170
170
170
171
171
171
171
171
172
172
172
172
173
174
174
174
175
175
176
177
177
177
178
178
178
179
180
181
181
182
182
182
182
183
183
184
184
184
185
185
185
185
185
186
186
186
186
187
187
187
188
188
188
188
188
189
190
190
190
190
190
190
191
191
191
192
192
193
194
194
194
195
195
195
196
196
196
197
197
198
199
199
199
200
200
200
200
200
201
201
201
201
202
202
202
202
202
203
203
205
205
206
207
208
208
209
210
210
211
212
212
212
213
213
213
214
214
215
216
216
216
216
217
217
218
219
219
220
220
221
221
221
221
223
223
223
223
223
223
224
225
225
226
228
229
229
230
231
231
232
232
233
233
233
234
234
236
236
236
236
237
237
238
238
239
240
240
240
243
244
244
245
245
246
246
246
246
250
250
251
251
251
252
253
253
253
254
255
255
256
257
258
258
258
262
262
262
263
264
265
265
266
267
267
270
271
271
271
272
272
272
273
273
274
274
275
275
275
276
276
277
277
277
279
280
280
282
283
284
284
284
284
287
288
289
289
289
290
290
291
292
292
293
294
294
296
296
298
298
300
301
301
301
302
304
305
306
306
306
306
306
307
308
308
310
310
312
312
313
314
314
316
316
320
322
325
327
328
328
328
328
328
329
329
329
330
331
332
333
333
333
333
334
334
335
337
337
340
340
340
341
341
342
343
344
344
345
345
347
348
349
352
353
354
354
355
355
355
357
358
358
358
364
364
364
366
366
368
369
369
369
370
371
372
373
374
375
375
377
379
379
382
384
386
386
386
387
387
388
389
390
391
391
391
393
393
394
395
395
395
396
397
399
399
400
402
402
402
403
407
409
409
409
410
411
412
412
414
416
416
417
418
422
423
423
423
424
425
426
428
428
431
431
432
434
435
436
436
438
438
440
440
440
442
444
446
449
449
451
452
454
455
457
458
461
465
465
466
466
466
468
469
469
470
470
471
472
473
473
478
480
480
484
488
489
491
496
498
501
503
505
506
507
507
508
508
509
514
515
517
520
520
521
521
522
522
523
523
524
526
526
527
528
533
535
538
540
540
541
542
544
544
547
550
550
551
556
559
561
562
563
564
566
568
570
570
574
575
575
579
580
581
581
582
582
586
588
589
589
592
592
593
595
598
598
603
608
616
619
619
620
625
627
637
637
640
641
651
652
657
657
659
662
680
683
686
686
689
690
691
693
700
707
707
707
711
721
738
740
741
745
746
746
746
752
753
756
759
760
766
771
772
775
776
777
781
788
794
799
802
808
813
820
822
824
824
832
833
834
834
838
857
862
871
871
885
885
885
888
897
901
902
902
906
910
922
923
937
938
940
949
950
951
952
961
963
968
969
971
979
982
986
996
998
999
1004
1004
1010
1014
1014
1022
1022
1028
1029
1044
1046
1050
1061
1091
1092
1108
1109
1119
1135
1137
1162
1168
1180
1181
1187
1200
1202
1215
1216
1223
1262
1267
1270
1286
1287
1290
1301
1303
1336
1343
1360
1375
1385
1390
1402
1415
1440
1447
1475
1480
1482
1495
1498
1526
1537
1545
1553
1571
1642
1679
1721
1786
1792
1863
1886
1906
1942
1945
1965
2052
2092
2129
2154
2161
2167
2189
2231
2232
2303
2310
2327
2335
2407
2505
2535
2539
2555
2568
2579
2711
2907
3094
3125
3230
3257
3268
3288
3311
3318
3374
3559
3571
3709
4129
4284
4674
5563
6087
